Distance=0.1207                        	
u_Distance=0.0016		
t=5.72			
u_t=0.03			
m=0.001317			
u_m=2.5*10^(-8)		
rho=955			
u_rho=0.5		
d=0.00199		
u_d=6*10^(-6)			
D=0.06308			
u_D=5*10^(-5)			



